2002
2102
2191
2200
2210
2214
2273
2305
2308
2357
2377
2381
2383
2390
2393
2396
2397
2411
2480
2484
2493
2495
2499
2512
2516
2570
2595
2749
2840
2870
2880
2890
4233
5471
5500
5520
5530
5533
5534
5731
5740
6150
7000
7002
7003
7004
7006
7009
7010
7011
7012
7014
7016
7017
7019
7025
7026
7032
7034
7035
7038
7041
7043
7045
7052
7053
7055
7056
7057
7059
7061
7062
7080
7090
7100
7130
7150
7175
7179
7185
7186
7187
7217
7233
7235
7255
7287
7491
7493
7512
7513
7547
7550
7595
7705
7710
7950
8312
9210
9700