1033
1050
1051
1052
1120
1200
1201
1205
1300
1301
1525
1930
1932
2095
2345.1
2661
2730
2811
3001
3010
3030
3051
3059
3061
3071
3080
3100
3101
3102
3103
3110
3120
3130
3140
3180
3181
3185
3195
3212
3213
3215
3220
3225
3266
3301
3350
3530
3550
6212
6213
6231
6250
6260
6312
6313
6315
6350
6510
6520
6540
6550
6560
6563
6570
6571
8230
9040
9042
9043
9075
9160
9185
9253
9301
9325
9340
9410
9412
9413
9414
9421
9423
9430
9495
9570
9571
9590
9592
9594
9596
9599
9622
9635.1
9900
9901
9902
9904
9910
9920
9921