1710
1720
1722
1811
2045
2058
2075
2155
2160
2209
2216
2345
2346
4006
4007
4090
4180
4220
4225
4250
4255
4290
4310
4320
4490
4505
4520
4525
4530
4533
4542
4597
4599
4601
4606
4607
4608
4609
4610
4611
4612
4619
4623
4625
4626
4641
4645
4651
4652
4653
4656
4658
4659
4664
4666
4668
4670
4680
4687
4690
4693
4694
4695
4698
4800
5470
5600
5621
5623
5626
5628
5629
5660
5700
5825
7330
7405
7499
8001
8021
8030
8031
8040
8041
8158
8179
8180
8185
8186
8190
8200
8210
8260
8370
8400
8420
8490
8492
8496
8500